deg = linspace(0,90,21);
Cv = [0 0 0 0 0 1 3 5 7 9 11 14 17 21 27 34 43 57 75 91 100];
% plot(deg, Cv)